1. 1012
1. 11011102
2. 1101110012
3. 1110112
4. 1101112
5. 111110111002
6. 1111101110002
7. 1111101112
8. 11110101012
9. 01010012
10. 11010012
11. 00011012
12. 10101102
13. 23410
14. 24510
15. 310110
16. 41118
17. 22678
18. 7710
19. 18910
20. 23410
21. A216
22. B3A16
23. 1D716
24. 1110100102
25. 101100111012
26. 1100101101012
27. 7B16
28. 1C516
29. 2D4A16
30. 1010
31. 6710
32. 4508
33. 10012
34. 100002
35. 160010
36. 99910
37. 9910
38. 11D16
39. 10510
40. 111010112
41. 11101000002
42. 1A5E16
43. 569010
44. 99910
45. 32510
46. 6508
47. 1110002
48. 10110112
49. 11001012
50. 75010
51. 2710
52. F0416
53. C8F16
54. BA3516
55. 1101000110012
56. 1000111011112
57. 11011111110001102
58. EF016
59. AC416
60. D6F16
